ISS (ZARYA)             
1 25544U 98067A   18330.35363632  .00002227  00000-0  41050-4 0  9993
2 25544  51.6430 290.5869 0005338  85.7956  46.3479 15.54022761143733
TIANGONG-2              
1 41765U 16057A   18330.13717593  .00003109  00000-0  41869-4 0  9998
2 41765  42.7829  97.0653 0008641 299.3928  54.0782 15.60065869125301
BANXING-2               
1 41834U 16057H   18330.09358172  .00023297  00000-0  94979-4 0  9994
2 41834  42.7801  19.4705 0012484  39.4696  48.0131 15.85541815120234
ITF-2                   
1 41932U 98067KU  18330.08839538  .00147184  19895-4  33544-3 0  9991
2 41932  51.6238 217.2409 0005709 152.3908 207.7405 15.97123816106421
LEMUR-2-REDFERN-GOES    
1 42059U 98067LA  18330.06046542  .00516457  14996-3  49522-3 0  9997
2 42059  51.6257 216.9556 0006200 185.0571 175.0382 16.11110073 98911
HAVELSAT                
1 42700U 98067LH  18329.96896001  .00062357  00000-0  26414-3 0  9998
2 42700  51.6268 240.6774 0005720 141.6617 218.4794 15.84721026 87548
CXBN-2                  
1 42704U 98067LM  18330.16647908  .00071991  00000-0  31188-3 0  9994
2 42704  51.6295 241.3062 0004633 121.7404 238.4052 15.84201548 87478
PHOENIX                 
1 42706U 98067LP  18330.12928387  .00035755  00000-0  21245-3 0  9996
2 42706  51.6292 246.3661 0003238 100.1917 259.9449 15.77634396 87399
X-CUBESAT               
1 42707U 98067LQ  18330.13719047  .00092953  00000-0  33905-3 0  9998
2 42707  51.6267 237.9433 0004834 131.7036 228.4383 15.87652549 87490
QBEE50-LTU-OC           
1 42708U 98067LR  18330.11812230  .00074038  00000-0  31730-3 0  9993
2 42708  51.6274 240.9445 0004056 131.4638 228.6714 15.84421037 87412
ALTAIR PATHFINDER       
1 42711U 98067LS  18330.21097296  .00019769  00000-0  16866-3 0  9998
2 42711  51.6348 260.5274 0004753  83.7912 276.3626 15.69518746 86872
SHARC                   
1 42712U 98067LT  18330.17454673  .00042441  00000-0  29764-3 0  9994
2 42712  51.6351 260.3433 0004373  99.3820 260.7674 15.73745477 87117
ZA-AEROSAT              
1 42713U 98067LU  18330.18089882  .00035176  00000-0  22403-3 0  9992
2 42713  51.6341 250.4769 0003901  97.4135 262.7309 15.76064693 87005
CSUNSAT 1               
1 42715U 98067LW  18330.15857234  .00040494  00000-0  23944-3 0  9995
2 42715  51.6343 248.8381 0005079  96.3908 263.7671 15.77673810 87027
SPACECUBE               
1 42717U 98067LY  18330.15943975  .00071609  00000-0  31038-3 0  9990
2 42717  51.6229 241.1335 0005144 140.0919 220.0463 15.84189385 86491
HOOPOE                  
1 42718U 98067LZ  18329.99932383  .00225626  31881-4  47929-3 0  9993
2 42718  51.6223 232.4281 0006383 156.9773 203.1523 15.98233573 86593
NJUST-1                 
1 42722U 98067MB  18330.20678100  .00027001  00000-0  18777-3 0  9999
2 42722  51.6366 253.3856 0006488 117.5731  28.4268 15.74167650 86038
UNSW-ECO                
1 42723U 98067MC  18330.16078474  .00687597  27174-3  62895-3 0  9999
2 42723  51.6338 228.3634 0006700 178.7759 181.3273 16.11808699 86346
LILACSAT-1              
1 42725U 98067ME  18330.16550509  .00050453  00000-0  26045-3 0  9993
2 42725  51.6362 246.3127 0005884 120.1270  21.6259 15.80578920 86035
NSIGHT-1                
1 42726U 98067MF  18330.20306048  .00009020  00000-0  95965-4 0  9998
2 42726  51.6387 268.8577 0005956 114.8398 245.3217 15.64854828 85744
SNUSAT-1                
1 42727U 98067MG  18330.15975049  .00049469  00000-0  25845-3 0  9996
2 42727  51.6315 246.4833 0006778 108.2631 251.9109 15.80317753 85992
I-INSPIRE II            
1 42731U 98067ML  18328.65367517  .20606057  12514-4  45736-3 0  9990
2 42731  51.6195 233.0809 0005495 228.6465 131.7518 16.46306360 85922
POLYITAN-2-SAU          
1 42732U 98067MM  18329.98522131  .00089761  00000-0  33512-3 0  9990
2 42732  51.6287 240.0045 0006185 113.9987 246.1666 15.87182044 85950
SNUSAT-1B               
1 42733U 98067MN  18330.13997885  .00062041  00000-0  29425-3 0  9992
2 42733  51.6281 244.0997 0006551 106.9681 253.2040 15.82321802 85918
BEEAGLESAT              
1 42736U 98067MR  18330.05020935  .00040464  00000-0  23094-3 0  9990
2 42736  51.6310 248.8063 0006685 122.2168 237.9482 15.78455235 85900
ASTERIA                 
1 43020U 98067NH  18330.10142103  .00015966  00000-0  17575-3 0  9991
2 43020  51.6425 278.7661 0003211  71.6410 288.4934 15.63314791 57782
DELLINGR (RBLE)         
1 43021U 98067NJ  18330.02902019  .00007191  00000-0  94210-4 0  9996
2 43021  51.6400 283.4732 0003113  61.1653 298.9652 15.59775256 57710
OSIRIS-3U               
1 43027U 98067NL  18330.17816650  .00074266  00000-0  43600-3 0  9996
2 43027  51.6369 264.0924 0005133  91.5079 268.6510 15.77578493 57868
1KUNS-PF                
1 43466U 98067NP  18330.19730494  .00013199  00000-0  16954-3 0  9996
2 43466  51.6400 286.8377 0001596  69.9907 290.1258 15.59459135 30943
UBAKUSAT                
1 43467U 98067NQ  18330.12369506  .00009340  00000-0  12696-3 0  9994
2 43467  51.6391 287.8462 0003168  34.7638 325.3561 15.58361418 30939
BATSU-CS1 (IRAZU)       
1 43468U 98067NR  18330.14833064  .00016286  00000-0  20118-3 0  9997
2 43468  51.6397 286.5103 0001608  72.2711 287.8457 15.60293806130935
SOYUZ-MS 09             
1 43493U 18051A   18329.39172149  .00001768  00000-0  34092-4 0  9991
2 43493  51.6429 295.3807 0005317  82.5599  64.6105 15.54016788143588
PROGRESS-MS 09          
1 43537U 18058A   18329.39172149  .00001768  00000-0  34092-4 0  9997
2 43537  51.6429 295.3807 0005317  82.5599  64.6105 15.54016788143587
CUBERRT                 
1 43546U 98067NU  18330.15793585  .00020850  00000-0  28077-3 0  9992
2 43546  51.6396 289.5658 0006840  82.3125 277.8643 15.57786458 21046
TEMPEST-D               
1 43547U 98067NV  18329.44258588  .00003220  00000-0  52644-4 0  9992
2 43547  51.6396 293.7839 0006746  76.7647 283.4097 15.55829833 20606
RAINCUBE                
1 43548U 98067NW  18330.18374822  .00009919  00000-0  14203-3 0  9995
2 43548  51.6395 289.7350 0006864  88.1144 272.0634 15.56855852 21174
HALOSAT                 
1 43549U 98067NX  18329.34984367  .00008607  00000-0  12422-3 0  9997
2 43549  51.6395 293.9168 0006796  87.0461 273.1308 15.56845007 20601
1998-067NY              
1 43550U 98067NY  18329.49016714  .00013406  00000-0  18093-3 0  9990
2 43550  51.6384 292.5992 0005914  97.1441 263.0224 15.58108745 21094
ENDUROSAT ONE           
1 43551U 98067NZ  18329.37788410  .00010419  00000-0  14559-3 0  9991
2 43551  51.6394 293.3516 0007369  92.6651 267.5185 15.57452538 21025
EQUISAT                 
1 43552U 98067PA  18330.16020636  .00009577  00000-0  13601-3 0  9990
2 43552  51.6393 289.5792 0007551  96.1738 264.0114 15.57124928 21108
1998-067PB              
1 43553U 98067PB  18329.33868385  .00007103  00000-0  10402-3 0  9998
2 43553  51.6405 293.8475 0007672  93.8591 266.3278 15.56762796 21021
1998-067PC              
1 43554U 98067PC  18329.37283250  .00010542  00000-0  14673-3 0  9990
2 43554  51.6392 293.3200 0007565  92.6805 267.5053 15.57543560 20563
AEROCUBE 12A            
1 43556U 18046C   18330.18836072  .00001659  00000-0  72545-4 0  9990
2 43556  51.6425 317.1292 0008977  61.3310 298.8571 15.28045648 20283
AEROCUBE 12B            
1 43557U 18046D   18329.40530503  .00001153  00000-0  54440-4 0  9997
2 43557  51.6425 320.9011 0009020  58.8295 301.3568 15.27994016 20117
LEMUR-2-VU              
1 43558U 18046E   18329.84469951  .00003308  00000-0  13064-3 0  9994
2 43558  51.6426 318.5901 0008312  60.3725 299.8082 15.28366634 20223
LEMUR-2-ALEXANDER       
1 43559U 18046F   18330.17112212  .00003237  00000-0  12808-3 0  9994
2 43559  51.6428 317.0190 0008313  61.4421 298.7394 15.28376089 20056
LEMUR-2-TOMHENDERSON    
1 43560U 18046G   18329.45466269  .00003215  00000-0  12742-3 0  9992
2 43560  51.6419 320.4824 0008737  72.4766 287.7168 15.28336695 20162
LEMUR-2-YUASA           
1 43561U 18046H   18329.45375537  .00002980  00000-0  11893-3 0  9994
2 43561  51.6421 320.4772 0008784  72.4335 287.7604 15.28369670 19726
SIRIUSSAT-1             
1 43595U 98067PG  18329.84965707  .00009721  00000-0  14199-3 0  9991
2 43595  51.6394 291.9968 0004689  63.4464 296.7008 15.56350367 15890
SIRIUSSAT-2             
1 43596U 98067PH  18330.11599537  .00009964  00000-0  14615-3 0  9990
2 43596  51.6403 290.7857 0005326  66.5658 293.5893 15.56199754 15937
TANUSHA-3               
1 43597U 98067PJ  18329.84714804  .00011873  00000-0  17030-3 0  9991
2 43597  51.6381 291.9701 0004958  76.1653 283.9890 15.56596002 15898
1998-067PK              
1 43598U 98067PK  18330.10653747  .00012372  00000-0  17735-3 0  9998
2 43598  51.6384 290.7051 0005175  75.6354 284.5212 15.56565129 15937
1998-067PN              
1 43638U 98067PN  18329.78831585  .00005954  00000-0  93924-4 0  9996
2 43638  51.6399 293.0910 0003652  57.6177 302.5167 15.55065695  7796
1998-067PP              
1 43639U 98067PP  18330.16808994  .00008880  00000-0  13508-3 0  9999
2 43639  51.6397 291.1272 0006593  58.2897 301.8736 15.55353616  7863
STARS-ME                
1 43640U 98067PQ  18329.33402524  .00006583  00000-0  10243-3 0  9998
2 43640  51.6398 295.3072 0006588  53.1926 306.9668 15.55236983  7734
PROGRESS-MS 10          
1 43702U 18091A   18329.39172149  .00001768  00000-0  34092-4 0  9998
2 43702  51.6429 295.3807 0005317  82.5599  64.6105 15.54016788143581
SL-4 R/B                
1 43703U 18091B   18323.44519886  .11731702  12555-4  31794-3 0  9999
2 43703  51.6391 324.2031 0009106  82.9652 277.2588 16.44932547   449
CYGNUS NG-10            
1 43704U 18092A   18329.39172149  .00001768  00000-0  34092-4 0  9991
2 43704  51.6429 295.3807 0005317  82.5599  64.6105 15.54016788143583
2018-092B               
1 43705U 18092B   18330.18227035  .01368657  12037-4  32164-3 0  9994
2 43705  51.5839 287.3685 0023207 178.9106 181.4722 16.28083241  1424
